&INFO
TaON clean surf 100  with 59 H2O molecules
MDCP
&END

&CPMD
 PCG MINIMIZE
 MOLECULAR DYNAMICS CP
 RESTART WAVEFUNCTION COORDINATES VELOCITIES NOSEP ACCUMULATORS LATEST
 quench bo electrons
 TRAJECTORY XYZ SAMPLE
 10
 NOSE IONS 
 300.D0 2500.D0
 NOSE ELECTRONS
 0.03D0 9000.D0
 TEMPERATURE
 300.0D0
 MAXSTEP
 999999
 TIMESTEP
 5.0
 EMASS
 700
 STORE
 200
 RESTFILE
 2
 MEMORY BIG
 CONVERGENCE ORBITALS
   1.0E-6
 MIRROR
&END

&SYSTEM
SYMMETRY
14
ANGSTROM
CELL ABSOLUTE DEGREE
31.1  10.053   10.350  90.00  99.64  90.00
CUTOFF
30.0
&END

&DFT
FUNCTIONAL PBE
&END

&ATOMS

*Ta_VDB_PBE1.USPP FORMATTED
 LMAX=D
  48
   9.273235        0.285883        1.150813
  11.306062        2.742128        1.424312
  10.898035        4.739653        4.027706
   9.051782        2.279711        3.684613
  14.336000        0.231000        1.087000
  16.334999        2.745000        1.464000
  15.901000        4.795000        4.015000
  13.903000        2.282000        3.638000
  19.435658        0.285498        1.096018
  21.491035        2.765317        1.445603
  20.951626        4.752453        4.026114
  18.874489        2.273034        3.561670
   9.312536        5.376584        1.226694
  11.402587        7.772966        1.478224
  10.916310        9.816253        3.995304
   8.871305        7.239728        3.793812
  14.336000        5.258000        1.087000
  16.334999        7.771000        1.464000
  15.901000        9.822000        4.015000
  13.903000        7.309000        3.638000
  19.315409        5.298643        1.106475
  21.340445        7.819895        1.395348
  20.839211        9.820946        4.126928
  18.884172        7.326228        3.632387
   8.385866        0.267207        6.248696
  10.467543        2.735110        6.551322
  10.094592        4.758077        9.150161
   7.955098        2.304402        8.912529
  13.469998        0.231000        6.189000
  15.467999        2.745000        6.566000
  15.035000        4.795000        9.117000
  13.036000        2.282000        8.740000
  18.452515        0.256309        6.268330
  20.399939        2.886089        6.489668
  20.019117        4.699380        9.079968
  18.068350        2.230812        8.758807
   8.471526        5.258939        6.218613
  10.529647        7.731812        6.600451
  10.030832        9.838235        9.099401
   8.161686        7.243901        8.858987
  13.469998        5.258000        6.189000
  15.467999        7.771000        6.566000
  15.035000        9.822000        9.117000
  13.036000        7.309000        8.740000
  18.489450        5.269089        6.195281
  20.444675        7.786231        6.570493
  20.158699        9.744641        9.062576
  18.064306        7.344493        8.748274

*o.pbe.vb.txt FORMATTED
 LMAX=P
  48
    8.006598        1.410781        2.083915
   12.621000        4.142000        0.791000
   12.187999        3.398000        3.342000
    7.555331        1.421265        4.651061
   13.091000        1.629000        1.760000
   17.580000        4.142000        0.791000
   17.145998        3.398000        3.342000
   12.658000        0.885000        4.311000
   18.049997        1.629000        1.760000
   22.680262        4.082790        0.598756
   22.280188        3.301258        3.262705
   17.616001        0.885000        4.311000
    8.028927        6.489098        2.081740
   12.621000        9.169000        0.791000
   12.187999        8.425000        3.342000
    7.597683        6.062504        4.534061
   13.091000        6.655000        1.760000
   17.580000        9.169000        0.791000
   17.145998        8.425000        3.342000
   12.658000        5.911000        4.311000
   18.049997        6.655000        1.760000
   22.589489        9.097506        0.633911
   22.269304        8.673099        3.205310
   17.616001        5.911000        4.311000
    7.155209        1.767630        7.012263
   11.755000        4.142000        5.893000
   11.322000        3.398000        8.444000
    6.709680        0.948529        9.669151
   12.225000        1.629000        6.862000
   16.712997        4.142000        5.893000
   16.279999        3.398000        8.444000
   11.790999        0.885000        9.413000
   17.182999        1.629000        6.862000
   21.815086        3.953351        5.732122
   21.290600        3.487226        8.225786
   16.749998        0.885000        9.413000
    7.182686        6.824915        7.089003
   11.755000        9.169000        5.893000
   11.322000        8.425000        8.444000
    6.760771        6.150854        9.582304
   12.225000        6.655000        6.862000
   16.712997        9.169000        5.893000
   16.279999        8.425000        8.444000
   11.790999        5.911000        9.413000
   17.182999        6.655000        6.862000
   21.736980        9.050750        5.898575
   21.302670        8.420547        8.353516
   16.749998        5.911000        9.413000


*n.pbe.vb.txt FORMATTED
 LMAX=P
  48
    9.834667        3.802877        2.532669
   10.731502        1.253872        0.161233
   10.512534        1.216972        2.664921
    9.415702        3.744564        5.026611
   14.862001        3.803000        2.454000
   15.809000        1.290000        0.097000
   15.376000        1.223000        2.648000
   14.429000        3.737000        5.005000
   19.854860        3.856856        2.516505
   20.864056        1.299346        0.162306
   20.377497        1.233003        2.708293
   19.348808        3.782897        4.995426
    9.854438        8.820958        2.392457
   10.930772        6.283850        0.179576
   10.506260        6.260620        2.612068
    9.368220        8.865405        5.092449
   14.862001        8.830000        2.454000
   15.809000        6.317000        0.097000
   15.376000        6.250000        2.648000
   14.429000        8.764000        5.005000
   19.904539        8.848755        2.462057
   20.868027        6.354031        0.045476
   20.499731        6.271596        2.630492
   19.411537        8.735000        5.017669
    8.886062        3.827645        7.549256
   10.018751        1.357810        5.224390
    9.396103        1.282715        7.812432
    8.469584        3.769010       10.169695
   13.995000        3.803000        7.556001
   14.941998        1.290000        5.199000
   14.508999        1.223000        7.750000
   13.562000        3.737000       10.107000
   18.896442        3.839139        7.617596
   20.045071        1.343105        5.284757
   19.608208        1.268016        7.850953
   18.493256        3.685750       10.169454
    8.976597        8.881122        7.591831
   10.017498        6.348342        5.200093
    9.589302        6.190493        7.761439
    8.658523        8.757408       10.144590
   13.995000        8.830000        7.556001
   14.941998        6.317000        5.199000
   14.508999        6.250000        7.750000
   13.562000        8.764000       10.107000
   18.913982        8.822804        7.580792
   19.998543        6.245837        5.152314
   19.611134        6.249750        7.693233
   18.482456        8.792913       10.139263

*h.pbe.vb.txt FORMATTED
 LMAX=S
  118
    4.843298        6.243818        0.522914
    4.972225        5.434181        1.940620
   -0.871937        1.190174        7.486866
   29.417274       10.042439        7.100560
    3.572522        7.169396        7.439218
    5.062854        6.729168        7.763465
   -0.701192        6.764923        7.325047
   29.409399        5.989254        8.232675
    1.279171        8.794698        4.963209
    1.738873        7.743565        6.120743
    1.416696        2.882401        3.971265
    2.228376        2.033506        2.968058
    4.088185        0.921758        7.617567
    5.064068        1.149579        8.811084
    6.934704        8.030635        6.414502
    5.811171        9.657855        6.195270
    6.431672        4.525808        1.052064
    7.257678        3.090837        1.177533
    3.447159        4.390964        0.472261
    1.264613        3.563488        9.531349
   -1.347562        3.425731        9.008696
   28.653635        2.410490        8.635511
    3.578915        2.211319        1.044285
    4.442967        1.813603        2.319732
   28.427942        6.518084        5.818031
   28.244165        7.553892        4.631103
    4.180457        0.720407        5.079152
    3.289850        9.663722        5.828878
    2.959565        7.323026        0.503545
    2.194314        8.318007        9.961809
    2.357669        6.883244        4.305896
    1.969347        5.360215        4.357956
    0.278707        9.855118        1.252760
   30.292746        8.803296        0.726839
    0.343834        3.923762        5.602243
    1.880288        4.027525        6.077075
    5.771327        5.786037        3.929761
    4.198844        5.671546        4.086015
   28.618637        3.347073        4.582844
   29.280499        3.121227        3.100371
    6.080101        4.889080        5.816584
    6.861841        3.190253        6.254368
   -0.315689        0.236669        5.342962
    0.323818        0.499470        3.993511
    6.930060        9.091518        2.813599
    6.664532        8.742287        4.455927
    4.533638        0.083908        0.843393
    3.447828        0.320204        9.648916
    6.147713        3.993895        7.793375
    6.127687        4.170072        9.374806
    6.604358        9.108491        0.447127
    7.636937        7.970532        1.166170
    3.385389        3.023098        7.881272
    3.443445        4.646813        7.713010
    6.039329        1.838063        4.137374
    4.735378        2.760641        4.070592
   22.718910        5.276823        9.228056
   21.976147        6.716648        8.787562
   26.840651        9.551350        6.879997
   27.471239        0.396396        8.067624
   21.729622        1.948514        8.781466
   22.611172        0.590592        8.364030
   23.283880        5.737397        1.183648
   23.168982        6.146121        2.779806
   24.500839        0.647620        7.302158
   23.304522        9.614887        6.968708
   22.366913        5.626941        6.635032
   22.926689        6.729618        5.746090
   25.183887        8.586663        3.822486
   25.229801        9.064369        5.364521
   26.063763        1.746293        6.760744
   25.249685        2.743630        5.911860
   29.442863        9.105061        3.979066
   27.920494        9.649379        3.678109
   26.193447        1.275331        3.521193
   27.663795        1.777325        3.416496
   29.446257        3.520189        6.848151
   29.787518        4.910143        6.431658
   25.623348        8.558310        0.253240
   24.089527        9.104580        8.960300
   22.511591        2.036836        4.142331
   23.441647        0.578436        4.324668
   24.742947        3.448868       10.024828
   25.213421        3.949314        8.689094
    0.775504        8.615217        7.620346
    1.326010        7.574159        8.622717
   -0.181943        2.331698        2.368506
   30.834724        3.543217        1.423461
   25.411247        3.741231        3.626038
   24.002069        3.108024        3.647611
   27.342125        4.436380        3.246201
   26.913914        5.696985        3.926575
   24.745157        6.993582        2.174387
   26.216665        6.952412        2.620019
   26.426826        0.923837        0.261378
   26.683947        1.585824        1.616375
   26.750095        7.461436        6.217428
   25.646404        7.584888        7.286218
   26.465139        5.657547        9.982935
   26.949068        7.109895        9.963173
    1.020044        7.630096        1.434597
    1.883546        6.356678        2.265883
    0.573312        5.546083        0.482863
   28.560617        5.245551        9.973999
   23.054485        0.528995        1.188352
   23.966372        1.883724        0.857882
   26.381008        1.903441        9.559818
   29.519306        1.906732        0.274838
   28.164066        8.561477        1.577513
   27.690207        8.710264        0.108567
   23.500805        5.111713        4.375023
   23.170221        6.853110        3.793982
    7.020561        3.958183        2.654622
    6.735775        4.057461        4.426173
   22.414785        0.691906        6.391372
   23.022011        2.338769        6.629108
    6.187404        9.129788        9.568823
    6.395094        9.327438        7.942336


*o.pbe.vb.txt FORMATTED
 LMAX=P
  59
    4.904502        5.311924        0.957107
   -0.739058        0.314741        7.000339
    4.151150        6.404209        7.454977
   29.544085        6.258466        7.323802
    2.093757        8.208472        5.310186
    1.298092        2.159854        3.356391
    4.129223        1.207143        8.593348
    6.612059        9.103490        6.052349
    7.337370        4.078782        0.962219
    2.682829        3.772812        0.253738
   29.547609        2.735278        8.340240
    3.703633        1.504714        1.738449
   27.821722        6.870415        5.133761
    4.066480        0.239246        5.954028
    2.026208        7.413973       10.067870
    2.506997        6.028884        3.810565
    0.157101        8.950735        0.931702
    1.273196        4.165336        5.257292
    5.028454        5.146577        3.906064
   28.516577        3.236014        3.633827
    6.574091        4.317788        6.398230
   -0.064000        9.841607        4.491521
    6.966724        8.360955        3.516557
    5.010393        9.657048        0.130386
    6.109458        3.492720        8.635324
    7.564156        8.930354        0.809794
    2.917830        3.837253        7.555970
    5.074934        1.891012        3.950962
   21.990522        5.968703        9.387898
   27.388306        0.293086        7.068704
   21.974478        0.947957        9.046696
   23.225338        6.572999        1.721503
   23.907295        9.975367        7.644315
   22.443701        6.601944        6.603205
   24.747780        9.221725        4.485452
   25.252205        2.212806        6.786596
   28.549175        8.821226        3.550195
   27.107216        0.955552        3.311815
   29.686691        4.022502        5.995890
   24.502031        9.062053        9.816542
   22.605177        1.022910        4.503980
   24.744781        4.286577        9.439912
    0.827742        7.636958        7.773740
   30.294058        2.724752        1.691240
   24.910704        2.930013        4.025651
   26.584211        5.107693        3.198250
   25.535189        7.601258        2.335995
   26.278351        1.831755        0.680459
   26.006992        8.065398        6.532928
   26.969414        6.239765        9.405941
    1.669647        6.838266        1.376986
   -1.635175        4.874101       10.135339
   23.269686        1.504495        1.493184
   27.387442        1.718126        9.546290
   28.523829        8.551130        0.651145
   22.833046        5.817019        4.141621
    7.007467        3.461136        3.569662
   22.405537        1.659205        6.896825
    6.308743        8.632818        8.755541


CONSTRAINTS
FIX ATOM
64
140 137 116 113 102 103 126 127 139 138 115 114 128 125 101 104 20 17 8 5 29 32 41 44 43 42 19 18 6 7 30 31 84 79 60 57 81 55 78 54 96 72 93 69 91 67 66 90 53 50 62 65 51 56 63 68 74 77 86 89 75  80 87 92


END CONSTRAINTS

ISOTOPE
180.94788
15.9994
14.0067
2.01588
15.9994
&END

